

Time to compute S Matrix                                                =   2.899600000000646E-002

lsst_solution: 0.005021572113037109
euclid_solution: 0.001956462860107422
hst_solution: 0.0018360614776611328
hst_up_solution: 0.0018661022186279297


lsst_solution: 0.03555154800415039
euclid_solution: 0.025257587432861328
hst_solution: 0.028032541275024414
hst_up_solution: 0.02265477180480957