Original:

shape = (50, 50)

lsst_solution: 2.0742416381835938e-05
euclid_solution: 2.1219253540039062e-05
hst_solution: 1.3113021850585938e-05
hst_up_solution: 1.0967254638671875e-05
ao_solution: 1.049041748046875e-05

no point jitting.