
sub_grid_size = 4

ORIGINAL:

lsst_solution: 0.0005482196807861328
euclid_solution: 0.0021514892578125
hst_solution: 0.0072056293487548825
hst_up_solution: 0.02179872989654541
ao_solution: 0.3665162086486816

JITTED:

lsst_solution: 0.00014281272888183594
euclid_solution: 0.0005900144577026367
hst_solution: 0.0023320674896240234
hst_up_solution: 0.006529021263122559
ao_solution: 0.0872086763381958

x3-x5 speed up via jitting.