
sub_grid_size = 4

ORIGINAL:

lsst_solution: 0.0013210773468017578
euclid_solution: 0.00438239574432373
hst_solution: 0.01646733283996582
hst_up_solution: 0.04804904460906982
ao_solution: 0.6665996551513672

JITTED:

lsst_solution: 0.000994706153869629
euclid_solution: 0.0038821220397949217
hst_solution: 0.015188860893249511
hst_up_solution: 0.041799283027648924
ao_solution: 0.4359839200973511

x1.5 or less speed up from jitting.