

ORIGINAL:

solution_10x10: 8.563995361328125e-05
solution_20x20: 0.0003393650054931641
solution_30x30: 0.0008143901824951172
solution_40x40: 0.0011932134628295898
solution_50x50: 0.0019879817962646486
solution_100x100: 0.012885689735412598