
psf = 41x41

ORIGINAL:

lsst_solution: 28.160674810409546
euclid_solution: 110.45284795761108

JITTED:

lsst_solution: 0.1576220989227295
euclid_solution: 0.352158784866333
hst_solution: 0.9550299644470215
hst_up_solution: 2.3012866973876953

Will do for now, most likely building up to frames being one big numpy array.